Sample Names	MutationType	SBS96A	SBS96B	SBS96C	SBS96D
TCGA-3N-A9WB-06	A[C>A]A	1.0	0.0	0.0	0.0
TCGA-3N-A9WB-06	A[C>A]C	1.0	0.0	0.0	0.0
TCGA-3N-A9WB-06	A[C>A]G	1.0	0.0	0.0	0.0
TCGA-3N-A9WB-06	A[C>A]T	1.0	0.0	0.0	0.0
TCGA-3N-A9WB-06	A[C>G]A	1.0	0.0	0.0	0.0
TCGA-3N-A9WB-06	A[C>G]C	1.0	0.0	0.0	0.0
TCGA-3N-A9WB-06	A[C>G]G	1.0	0.0	0.0	0.0
TCGA-3N-A9WB-06	A[C>G]T	1.0	0.0	0.0	0.0
TCGA-3N-A9WB-06	A[C>T]A	1.0	0.0	0.0	0.0
TCGA-3N-A9WB-06	A[C>T]C	1.0	0.0	0.0	0.0
TCGA-3N-A9WB-06	A[C>T]G	1.0	0.0	0.0	0.0
TCGA-3N-A9WB-06	A[C>T]T	1.0	0.0	0.0	0.0
TCGA-3N-A9WB-06	A[T>A]A	1.0	0.0	0.0	0.0
TCGA-3N-A9WB-06	A[T>A]C	1.0	0.0	0.0	0.0
TCGA-3N-A9WB-06	A[T>A]G	1.0	0.0	0.0	0.0
TCGA-3N-A9WB-06	A[T>A]T	1.0	0.0	0.0	0.0
TCGA-3N-A9WB-06	A[T>C]A	1.0	0.0	0.0	0.0
TCGA-3N-A9WB-06	A[T>C]C	1.0	0.0	0.0	0.0
TCGA-3N-A9WB-06	A[T>C]G	1.0	0.0	0.0	0.0
TCGA-3N-A9WB-06	A[T>C]T	1.0	0.0	0.0	0.0
TCGA-3N-A9WB-06	A[T>G]A	1.0	0.0	0.0	0.0
TCGA-3N-A9WB-06	A[T>G]C	1.0	0.0	0.0	0.0
TCGA-3N-A9WB-06	A[T>G]G	1.0	0.0	0.0	0.0
TCGA-3N-A9WB-06	A[T>G]T	1.0	0.0	0.0	0.0
TCGA-3N-A9WB-06	C[C>A]A	1.0	0.0	0.0	0.0
TCGA-3N-A9WB-06	C[C>A]C	1.0	0.0	0.0	0.0
TCGA-3N-A9WB-06	C[C>A]G	1.0	0.0	0.0	0.0
TCGA-3N-A9WB-06	C[C>A]T	1.0	0.0	0.0	0.0
TCGA-3N-A9WB-06	C[C>G]A	1.0	0.0	0.0	0.0
TCGA-3N-A9WB-06	C[C>G]C	1.0	0.0	0.0	0.0
TCGA-3N-A9WB-06	C[C>G]G	1.0	0.0	0.0	0.0
TCGA-3N-A9WB-06	C[C>G]T	1.0	0.0	0.0	0.0
TCGA-3N-A9WB-06	C[C>T]A	1.0	0.0	0.0	0.0
TCGA-3N-A9WB-06	C[C>T]C	1.0	0.0	0.0	0.0
TCGA-3N-A9WB-06	C[C>T]G	1.0	0.0	0.0	0.0
TCGA-3N-A9WB-06	C[C>T]T	1.0	0.0	0.0	0.0
TCGA-3N-A9WB-06	C[T>A]A	1.0	0.0	0.0	0.0
TCGA-3N-A9WB-06	C[T>A]C	1.0	0.0	0.0	0.0
TCGA-3N-A9WB-06	C[T>A]G	1.0	0.0	0.0	0.0
TCGA-3N-A9WB-06	C[T>A]T	1.0	0.0	0.0	0.0
TCGA-3N-A9WB-06	C[T>C]A	1.0	0.0	0.0	0.0
TCGA-3N-A9WB-06	C[T>C]C	1.0	0.0	0.0	0.0
TCGA-3N-A9WB-06	C[T>C]G	1.0	0.0	0.0	0.0
TCGA-3N-A9WB-06	C[T>C]T	1.0	0.0	0.0	0.0
TCGA-3N-A9WB-06	C[T>G]A	1.0	0.0	0.0	0.0
TCGA-3N-A9WB-06	C[T>G]C	1.0	0.0	0.0	0.0
TCGA-3N-A9WB-06	C[T>G]G	1.0	0.0	0.0	0.0
TCGA-3N-A9WB-06	C[T>G]T	1.0	0.0	0.0	0.0
TCGA-3N-A9WB-06	G[C>A]A	1.0	0.0	0.0	0.0
TCGA-3N-A9WB-06	G[C>A]C	1.0	0.0	0.0	0.0
TCGA-3N-A9WB-06	G[C>A]G	1.0	0.0	0.0	0.0
TCGA-3N-A9WB-06	G[C>A]T	1.0	0.0	0.0	0.0
TCGA-3N-A9WB-06	G[C>G]A	1.0	0.0	0.0	0.0
TCGA-3N-A9WB-06	G[C>G]C	1.0	0.0	0.0	0.0
TCGA-3N-A9WB-06	G[C>G]G	1.0	0.0	0.0	0.0
TCGA-3N-A9WB-06	G[C>G]T	1.0	0.0	0.0	0.0
TCGA-3N-A9WB-06	G[C>T]A	1.0	0.0	0.0	0.0
TCGA-3N-A9WB-06	G[C>T]C	1.0	0.0	0.0	0.0
TCGA-3N-A9WB-06	G[C>T]G	1.0	0.0	0.0	0.0
TCGA-3N-A9WB-06	G[C>T]T	1.0	0.0	0.0	0.0
TCGA-3N-A9WB-06	G[T>A]A	1.0	0.0	0.0	0.0
TCGA-3N-A9WB-06	G[T>A]C	1.0	0.0	0.0	0.0
TCGA-3N-A9WB-06	G[T>A]G	1.0	0.0	0.0	0.0
TCGA-3N-A9WB-06	G[T>A]T	1.0	0.0	0.0	0.0
TCGA-3N-A9WB-06	G[T>C]A	1.0	0.0	0.0	0.0
TCGA-3N-A9WB-06	G[T>C]C	1.0	0.0	0.0	0.0
TCGA-3N-A9WB-06	G[T>C]G	1.0	0.0	0.0	0.0
TCGA-3N-A9WB-06	G[T>C]T	1.0	0.0	0.0	0.0
TCGA-3N-A9WB-06	G[T>G]A	1.0	0.0	0.0	0.0
TCGA-3N-A9WB-06	G[T>G]C	1.0	0.0	0.0	0.0
TCGA-3N-A9WB-06	G[T>G]G	1.0	0.0	0.0	0.0
TCGA-3N-A9WB-06	G[T>G]T	1.0	0.0	0.0	0.0
TCGA-3N-A9WB-06	T[C>A]A	1.0	0.0	0.0	0.0
TCGA-3N-A9WB-06	T[C>A]C	1.0	0.0	0.0	0.0
TCGA-3N-A9WB-06	T[C>A]G	1.0	0.0	0.0	0.0
TCGA-3N-A9WB-06	T[C>A]T	1.0	0.0	0.0	0.0
TCGA-3N-A9WB-06	T[C>G]A	1.0	0.0	0.0	0.0
TCGA-3N-A9WB-06	T[C>G]C	1.0	0.0	0.0	0.0
TCGA-3N-A9WB-06	T[C>G]G	1.0	0.0	0.0	0.0
TCGA-3N-A9WB-06	T[C>G]T	1.0	0.0	0.0	0.0
TCGA-3N-A9WB-06	T[C>T]A	1.0	0.0	0.0	0.0
TCGA-3N-A9WB-06	T[C>T]C	1.0	0.0	0.0	0.0
TCGA-3N-A9WB-06	T[C>T]G	1.0	0.0	0.0	0.0
TCGA-3N-A9WB-06	T[C>T]T	1.0	0.0	0.0	0.0
TCGA-3N-A9WB-06	T[T>A]A	1.0	0.0	0.0	0.0
TCGA-3N-A9WB-06	T[T>A]C	1.0	0.0	0.0	0.0
TCGA-3N-A9WB-06	T[T>A]G	1.0	0.0	0.0	0.0
TCGA-3N-A9WB-06	T[T>A]T	1.0	0.0	0.0	0.0
TCGA-3N-A9WB-06	T[T>C]A	1.0	0.0	0.0	0.0
TCGA-3N-A9WB-06	T[T>C]C	1.0	0.0	0.0	0.0
TCGA-3N-A9WB-06	T[T>C]G	1.0	0.0	0.0	0.0
TCGA-3N-A9WB-06	T[T>C]T	1.0	0.0	0.0	0.0
TCGA-3N-A9WB-06	T[T>G]A	1.0	0.0	0.0	0.0
TCGA-3N-A9WB-06	T[T>G]C	1.0	0.0	0.0	0.0
TCGA-3N-A9WB-06	T[T>G]G	1.0	0.0	0.0	0.0
TCGA-3N-A9WB-06	T[T>G]T	1.0	0.0	0.0	0.0
TCGA-3N-A9WC-06	A[C>A]A	0.18105305469283425	0.6398827569986261	0.13889367697979624	0.04017051132874319
TCGA-3N-A9WC-06	A[C>A]C	0.3775686746245295	0.4288725061988075	0.1389388106091821	0.054620008567480886
TCGA-3N-A9WC-06	A[C>A]G	0.07950784214044038	0.6163603302259021	0.24077325329829946	0.06335857433535817
TCGA-3N-A9WC-06	A[C>A]T	0.30853376890020257	0.5278537384008992	0.1515907863966187	0.012021706302279484
TCGA-3N-A9WC-06	A[C>G]A	0.12247283212832075	0.5515363915550118	0.2934303914459078	0.03256038487075979
TCGA-3N-A9WC-06	A[C>G]C	0.16772809585918336	0.5448547898820736	0.22981281671977222	0.05760429753897091
TCGA-3N-A9WC-06	A[C>G]G	0.16815894091243624	0.7097953961811472	0.1036532757953082	0.018392387111108462
TCGA-3N-A9WC-06	A[C>G]T	0.3536425464939352	0.36431362592149613	0.17872661613714164	0.10331721144742699
TCGA-3N-A9WC-06	A[C>T]A	0.08575721851070994	0.6979809530588976	0.1493711734356766	0.0668906549947158
TCGA-3N-A9WC-06	A[C>T]C	0.6625725249401829	0.32953497399645587	0.0035113230956684517	0.004381177967692762
TCGA-3N-A9WC-06	A[C>T]G	0.03945861144132122	0.36156806783846107	0.5367056204250215	0.06226770029519609
TCGA-3N-A9WC-06	A[C>T]T	0.6317919548975095	0.3464104532244433	0.01039615302170731	0.011401438856339907
TCGA-3N-A9WC-06	A[T>A]A	0.3032806343860723	0.6190750217834479	0.03909409803175177	0.03855024579872806
TCGA-3N-A9WC-06	A[T>A]C	0.5334152796070719	0.3595890682863715	0.06122825589088005	0.04576739621567673
TCGA-3N-A9WC-06	A[T>A]G	0.37251049606196546	0.52721872900453	0.06295370948058929	0.03731706545291519
TCGA-3N-A9WC-06	A[T>A]T	0.48737884985760943	0.4490881032635363	0.0038735481336196627	0.059659498745234615
TCGA-3N-A9WC-06	A[T>C]A	0.11078457415267438	0.6135139103737541	0.12529191479814034	0.15040960067543108
TCGA-3N-A9WC-06	A[T>C]C	0.09541888264759667	0.4633347255906503	0.09311893155080689	0.34812746021094615
TCGA-3N-A9WC-06	A[T>C]G	0.07412826050088402	0.644582814914668	0.0853170421992747	0.1959718823851732
TCGA-3N-A9WC-06	A[T>C]T	0.19631854188862385	0.5841467388702574	0.09663664667373738	0.12289807256738139
TCGA-3N-A9WC-06	A[T>G]A	0.3467905892147782	0.5301671201541275	0.028760321440331853	0.09428196919076261
TCGA-3N-A9WC-06	A[T>G]C	0.28723376243843834	0.26722383298710267	0.035082390625827874	0.410460013948631
TCGA-3N-A9WC-06	A[T>G]G	0.17223770597419183	0.5883572862338455	0.11400539149217913	0.1253996162997836
TCGA-3N-A9WC-06	A[T>G]T	0.01497267430261522	0.21642969437426887	0.01608178946769288	0.7525158418554231
TCGA-3N-A9WC-06	C[C>A]A	0.4071006861121344	0.06359907349229986	0.46056580589565405	0.06873443449991162
TCGA-3N-A9WC-06	C[C>A]C	0.638561160821633	0.1280778409771935	0.19945518351910504	0.03390581468206852
TCGA-3N-A9WC-06	C[C>A]G	0.5786065023956017	0.11308363600341216	0.2608017569017091	0.047508104699276923
TCGA-3N-A9WC-06	C[C>A]T	0.6835398242147754	0.02095810754462896	0.23600295945960348	0.05949910878099207
TCGA-3N-A9WC-06	C[C>G]A	0.2588571076343246	0.3581186342295878	0.3084384091123888	0.07458584902369882
TCGA-3N-A9WC-06	C[C>G]C	0.5341799358594147	0.30409685871869724	0.1330646493439245	0.028658556077963457
TCGA-3N-A9WC-06	C[C>G]G	0.1543676546814818	0.6943767754176674	0.10774008879666341	0.04351548110418729
TCGA-3N-A9WC-06	C[C>G]T	0.3334101016980082	0.4411901879747636	0.13150921377524388	0.09389049655198435
TCGA-3N-A9WC-06	C[C>T]A	0.7507716223574731	0.24577681720934397	0.000873037870463849	0.002578522562719149
TCGA-3N-A9WC-06	C[C>T]C	0.7173830442385569	0.27787168386310734	5.03802089464006e-05	0.004694891689389238
TCGA-3N-A9WC-06	C[C>T]G	0.6334404724855116	0.3388057040785838	0.014570701114540728	0.013183122321363832
TCGA-3N-A9WC-06	C[C>T]T	0.7696217174999876	0.22534686131916185	0.0007574101785015327	0.004274011002349112
TCGA-3N-A9WC-06	C[T>A]A	0.25901356147175436	0.5508434883773162	0.03552107602031058	0.15462187413061892
TCGA-3N-A9WC-06	C[T>A]C	0.7096475596438653	0.04874931419730256	0.023151727184055886	0.21845139897477617
TCGA-3N-A9WC-06	C[T>A]G	0.23350919405307544	0.3485384504176659	0.08392783466970924	0.3340245208595494
TCGA-3N-A9WC-06	C[T>A]T	0.5786917335620858	0.15222502449452358	0.0047809546164663645	0.2643022873269244
TCGA-3N-A9WC-06	C[T>C]A	0.2609169441960115	0.3247155380037783	0.06052825712248393	0.3538392606777262
TCGA-3N-A9WC-06	C[T>C]C	0.07293860120443107	0.15433748185940893	0.05554387103701342	0.7171800458991465
TCGA-3N-A9WC-06	C[T>C]G	0.09210875115643297	0.18218901203266238	0.07054801609238764	0.655154220718517
TCGA-3N-A9WC-06	C[T>C]T	0.40017505957227245	0.26607348598218117	0.008953427134830133	0.32479802731071616
TCGA-3N-A9WC-06	C[T>G]A	0.184598859569937	0.1911812694993046	0.09500708650656091	0.5292127844241974
TCGA-3N-A9WC-06	C[T>G]C	0.36016947084395795	0.2045255101592961	0.012309256385600697	0.42299576261114524
TCGA-3N-A9WC-06	C[T>G]G	0.18435564466934168	0.391031053955081	0.031298703734973746	0.3933145976406035
TCGA-3N-A9WC-06	C[T>G]T	0.02312562435263985	4.4970252233169805e-07	0.016747235932454047	0.9601266900123838
TCGA-3N-A9WC-06	G[C>A]A	0.15262195408024037	0.5265453595218	0.23695639563121274	0.08387629076674677
TCGA-3N-A9WC-06	G[C>A]C	0.4116154469377774	0.3817911055669559	0.15369759614494932	0.0528958513503175
TCGA-3N-A9WC-06	G[C>A]G	0.6399617568384229	0.10377412054050196	0.23567914427106923	0.020584978350005802
TCGA-3N-A9WC-06	G[C>A]T	0.3882185616365604	0.3129312245398236	0.24997328054779736	0.04887693327581866
TCGA-3N-A9WC-06	G[C>G]A	0.04946219746035529	0.6508653928292413	0.24092078814610737	0.058751621564296
TCGA-3N-A9WC-06	G[C>G]C	0.1973577774126311	0.6243261193523036	0.13961062267354718	0.03870548056151799
TCGA-3N-A9WC-06	G[C>G]G	0.08905340949312367	0.7778678211851998	0.119285015977516	0.013793753344160385
TCGA-3N-A9WC-06	G[C>G]T	0.3659142981877305	0.3662062996685783	0.16875015295738732	0.09912924918630382
TCGA-3N-A9WC-06	G[C>T]A	0.22869806507072082	0.42362506468498407	0.24360988928890312	0.10406698095539203
TCGA-3N-A9WC-06	G[C>T]C	0.6942474389931803	0.29302833472315576	0.006177795717898652	0.006546430565765188
TCGA-3N-A9WC-06	G[C>T]G	0.02681835970806785	0.20279443883537443	0.7098188018023248	0.0605683996542329
TCGA-3N-A9WC-06	G[C>T]T	0.9168525545448606	0.06547910922932519	0.007039612174511653	0.010628724051302618
TCGA-3N-A9WC-06	G[T>A]A	0.529026302547845	0.42516684507724123	0.032346949640820875	0.013459902734092932
TCGA-3N-A9WC-06	G[T>A]C	0.41364759336495477	0.34839990806102206	0.07710853991159662	0.16084395866242654
TCGA-3N-A9WC-06	G[T>A]G	0.12498586311918278	0.6786104877421488	0.12059846642776301	0.07580518271090535
TCGA-3N-A9WC-06	G[T>A]T	0.484166843122123	0.3671521670820313	0.006524500861445077	0.1421564889344007
TCGA-3N-A9WC-06	G[T>C]A	0.10068461066448724	0.27718128641292666	0.2115122464976599	0.4106218564249262
TCGA-3N-A9WC-06	G[T>C]C	0.0014245904292658604	0.12081210273993834	0.20777819897518685	0.6699851078556088
TCGA-3N-A9WC-06	G[T>C]G	0.01101351109553847	0.1764113277875353	0.10850414046835243	0.7040710206485737
TCGA-3N-A9WC-06	G[T>C]T	0.2002702782638729	0.694317961334129	0.01905723379835402	0.08635452660364415
TCGA-3N-A9WC-06	G[T>G]A	0.30174401114514754	0.4747750418375284	0.09300974621011104	0.1304712008072132
TCGA-3N-A9WC-06	G[T>G]C	0.2256028067419052	0.43370819777801894	0.02947571392374558	0.31121328155633027
TCGA-3N-A9WC-06	G[T>G]G	0.17330070466767744	0.6496498012777864	0.04496633587449439	0.13208315818004163
TCGA-3N-A9WC-06	G[T>G]T	0.16563483636512719	0.2426933506797793	0.015287370821356085	0.5763844421337375
TCGA-3N-A9WC-06	T[C>A]A	0.19876277461523753	0.6256100906655827	0.13767513495133477	0.03795199976784497
TCGA-3N-A9WC-06	T[C>A]C	0.4107823045765097	0.4991466154470219	0.06556863340880792	0.024502446567660558
TCGA-3N-A9WC-06	T[C>A]G	0.291572294849114	0.517824673669369	0.14805226211612516	0.042550769365391775
TCGA-3N-A9WC-06	T[C>A]T	0.5730424295940685	0.2925747848316333	0.10060158534066599	0.033781200233632264
TCGA-3N-A9WC-06	T[C>G]A	0.1707770759432742	0.4664788061728859	0.30320378342747073	0.05954033445636936
TCGA-3N-A9WC-06	T[C>G]C	0.2570635369794193	0.6244439312834272	0.06600072009877879	0.05249181163837468
TCGA-3N-A9WC-06	T[C>G]G	0.16029538524431888	0.7010806383314527	0.10256164564181006	0.03606233078241825
TCGA-3N-A9WC-06	T[C>G]T	0.5294824585438412	0.2300178877340005	0.1903760075866617	0.0501236461354966
TCGA-3N-A9WC-06	T[C>T]A	0.9814970253099357	0.012907673016805643	0.0009357945248056942	0.0046595071484528535
TCGA-3N-A9WC-06	T[C>T]C	0.823225190082715	0.1723828044623831	0.0001005710100011552	0.004291434444900749
TCGA-3N-A9WC-06	T[C>T]G	0.9329709101132635	0.061532997703615915	0.002543640150408813	0.0029524520327118497
TCGA-3N-A9WC-06	T[C>T]T	0.795649702245395	0.19561362040696065	0.0008154357147814794	0.007921241632863002
TCGA-3N-A9WC-06	T[T>A]A	0.20887592752626538	0.733595243529217	0.01918844663996743	0.038340382304550155
TCGA-3N-A9WC-06	T[T>A]C	0.5978431287460073	0.32723234051552386	0.008474813730226039	0.06644971700824279
TCGA-3N-A9WC-06	T[T>A]G	0.44960773706385965	0.461588794630193	0.0417472972642977	0.04705617104164963
TCGA-3N-A9WC-06	T[T>A]T	0.6991595477133995	0.2074050452983148	0.00035553484334176346	0.09307987214494401
TCGA-3N-A9WC-06	T[T>C]A	0.4146260334256828	0.5167488966082641	0.01565119300800524	0.05297387695804777
TCGA-3N-A9WC-06	T[T>C]C	0.2850585856036949	0.4579974410760799	0.03286488596210095	0.22407908735812435
TCGA-3N-A9WC-06	T[T>C]G	0.27450253815541753	0.5751421479603049	0.04052814773718802	0.10982716614708947
TCGA-3N-A9WC-06	T[T>C]T	0.43792122457056626	0.4214528746383776	0.02124631915493805	0.11937958163611812
TCGA-3N-A9WC-06	T[T>G]A	0.2072143095792482	0.6665708581829827	0.02153428210576001	0.10468055013200926
TCGA-3N-A9WC-06	T[T>G]C	0.38058419605023325	0.2952139031247002	0.008661736723633755	0.3155401641014327
TCGA-3N-A9WC-06	T[T>G]G	0.11774351163063564	0.6018098443736247	0.034085669134757794	0.24636097486098182
TCGA-3N-A9WC-06	T[T>G]T	0.23356131233213018	0.0036839171710261304	0.009770702585008626	0.752984067911835
TCGA-3N-A9WD-06	A[C>A]A	0.16007483904074607	0.5792802293876761	0.19269078800615888	0.06795414356541883
TCGA-3N-A9WD-06	A[C>A]C	0.3314257259298509	0.3854690809443266	0.19137054679664306	0.09173464632917927
TCGA-3N-A9WD-06	A[C>A]G	0.06572788030608781	0.5217295328679262	0.3123267349340417	0.1002158518919444
TCGA-3N-A9WD-06	A[C>A]T	0.277986259183461	0.48697347760266757	0.2143160474612465	0.020724215752624963
TCGA-3N-A9WD-06	A[C>G]A	0.10122220012701083	0.4667467119261452	0.3805417974024481	0.051489290544396035
TCGA-3N-A9WD-06	A[C>G]C	0.140188506946107	0.4662925199622044	0.3013992031026432	0.09211976998904538
TCGA-3N-A9WD-06	A[C>G]G	0.15388203232259717	0.6650774300586333	0.14883745729360318	0.03220308032516654
TCGA-3N-A9WD-06	A[C>G]T	0.2935274506988571	0.30962121481414195	0.23277412706861836	0.16407720741838253
TCGA-3N-A9WD-06	A[C>T]A	0.07374994690020288	0.6146185714144743	0.20156683588423133	0.11006464580109152
TCGA-3N-A9WD-06	A[C>T]C	0.653497842502873	0.3328000100156634	0.005434289721469741	0.00826785775999396
TCGA-3N-A9WD-06	A[C>T]G	0.028781230294033133	0.27004037758747756	0.614277997435077	0.08690039468341218
TCGA-3N-A9WD-06	A[C>T]T	0.616610710482534	0.3461776642669899	0.015921020305714313	0.021290604944762006
TCGA-3N-A9WD-06	A[T>A]A	0.28283849467023225	0.5911643018231197	0.0572092553882797	0.06878794811836819
TCGA-3N-A9WD-06	A[T>A]C	0.49151190137628475	0.33927053895678616	0.08852822062469735	0.08068933904223177
TCGA-3N-A9WD-06	A[T>A]G	0.34411108665793505	0.4986801283009993	0.09125207245738479	0.06595671258368112
TCGA-3N-A9WD-06	A[T>A]T	0.45658607924046146	0.4307830628201947	0.0056941146154848	0.10693674332385908
TCGA-3N-A9WD-06	A[T>C]A	0.09055720924645501	0.5134985639859926	0.160704502331387	0.23523972443616528
TCGA-3N-A9WD-06	A[T>C]C	0.06904187666845975	0.34327659473666916	0.10572495414861721	0.48195657444625384
TCGA-3N-A9WD-06	A[T>C]G	0.05963793611363691	0.5309927616500274	0.10770499561629561	0.3016643066200401
TCGA-3N-A9WD-06	A[T>C]T	0.16619887157922975	0.5063604642321219	0.12837186851267557	0.1990687956759727
TCGA-3N-A9WD-06	A[T>G]A	0.3109761810422857	0.486792293638936	0.0404682867032862	0.1617632386154921
TCGA-3N-A9WD-06	A[T>G]C	0.2049839449849257	0.19526779895559845	0.0392857275217703	0.5604625285377056
TCGA-3N-A9WD-06	A[T>G]G	0.14431342946981685	0.5047667425165273	0.14988741351986104	0.2010324144937948
TCGA-3N-A9WD-06	A[T>G]T	0.008799005527156798	0.13023332867024823	0.01482961395081374	0.8461380518517813
TCGA-3N-A9WD-06	C[C>A]A	0.306915624340011	0.04909520008773971	0.5448414185613575	0.09914775701089182
TCGA-3N-A9WD-06	C[C>A]C	0.5564559811082778	0.11428083232734468	0.2727312497201584	0.05653193684421923
TCGA-3N-A9WD-06	C[C>A]G	0.4843802536671589	0.09693351607623343	0.34259016667091213	0.07609606358569537
TCGA-3N-A9WD-06	C[C>A]T	0.5748076883876295	0.01804603903634182	0.31141351412147367	0.09573275845455495
TCGA-3N-A9WD-06	C[C>G]A	0.20671581340691186	0.29282733015829276	0.38649450269425084	0.11396235374054466
TCGA-3N-A9WD-06	C[C>G]C	0.4815969055998717	0.2807237340344141	0.18824353519418746	0.04943582517152672
TCGA-3N-A9WD-06	C[C>G]G	0.13811422441964827	0.6361336532967756	0.15125881455471912	0.07449330772885704
TCGA-3N-A9WD-06	C[C>G]T	0.28468386771438436	0.38572788021839827	0.17619823151018343	0.15339002055703393
TCGA-3N-A9WD-06	C[C>T]A	0.7442712691778806	0.24947980923813715	0.0013580562190919161	0.004890865364890435
TCGA-3N-A9WD-06	C[C>T]C	0.7096010676386744	0.28143527270176594	7.819597105401645e-05	0.0088854636885055
TCGA-3N-A9WD-06	C[C>T]G	0.6159226203527606	0.3373200384861671	0.022231156493835287	0.024526184667236897
TCGA-3N-A9WD-06	C[C>T]T	0.7622072212045703	0.22851690849334855	0.0011770316527200465	0.008098838649361171
TCGA-3N-A9WD-06	C[T>A]A	0.22050820674895333	0.4801772230410568	0.047451465224334834	0.2518631049856551
TCGA-3N-A9WD-06	C[T>A]C	0.5846192267895479	0.041121597026079273	0.029927816816946597	0.34433135936742626
TCGA-3N-A9WD-06	C[T>A]G	0.17154851906024435	0.2621831434973285	0.09674984258591765	0.46951849485650937
TCGA-3N-A9WD-06	C[T>A]T	0.46378411712201595	0.12491820280284462	0.0060123530438932395	0.40528532703124626
TCGA-3N-A9WD-06	C[T>C]A	0.19109273743316885	0.24350957950981988	0.06956028093854093	0.4958374021184703
TCGA-3N-A9WD-06	C[T>C]C	0.04315044627202807	0.09349111801507812	0.05156146703805133	0.8117969686748425
TCGA-3N-A9WD-06	C[T>C]G	0.05606514291571506	0.11354951985881101	0.06738110131590415	0.7630042359095698
TCGA-3N-A9WD-06	C[T>C]T	0.30591773716628	0.20827028982041457	0.010740022809861706	0.4750719502034437
TCGA-3N-A9WD-06	C[T>G]A	0.11971415781488086	0.12695006393416872	0.09667935879456287	0.6566564194563875
TCGA-3N-A9WD-06	C[T>G]C	0.25758812902722905	0.14977437408143296	0.013813763763706216	0.5788237331276317
TCGA-3N-A9WD-06	C[T>G]G	0.13297435285348638	0.2887977306423095	0.03542411893482823	0.542803797569376
TCGA-3N-A9WD-06	C[T>G]T	0.012258803941101988	2.440905903979482e-07	0.013930253874604753	0.9738106980937028
TCGA-3N-A9WD-06	G[C>A]A	0.12468405773823557	0.4404542342691313	0.3037551243712255	0.1311065836214076
TCGA-3N-A9WD-06	G[C>A]C	0.3595133621103931	0.3414446093452673	0.2106452680082659	0.08839676053607362
TCGA-3N-A9WD-06	G[C>A]G	0.5538787106968375	0.09196462282504507	0.32006859503258944	0.03408807144552814
TCGA-3N-A9WD-06	G[C>A]T	0.3250324116519504	0.2682689166517723	0.3284015694802357	0.07829710221604147
TCGA-3N-A9WD-06	G[C>G]A	0.04100140427390428	0.5524431418982089	0.3133724838415113	0.09318296998637567
TCGA-3N-A9WD-06	G[C>G]C	0.17469151433386693	0.5658484757020485	0.1939086971013953	0.06555131286268932
TCGA-3N-A9WD-06	G[C>G]G	0.08102365004824794	0.7246664250686958	0.17029755224118284	0.024012372641873288
TCGA-3N-A9WD-06	G[C>G]T	0.30611616367823435	0.31369223960591547	0.2215196810451747	0.15867191567067532
TCGA-3N-A9WD-06	G[C>T]A	0.18386541028165979	0.3487307750290521	0.3073220486609441	0.160081766028344
TCGA-3N-A9WD-06	G[C>T]C	0.6829730255380929	0.29516846975738803	0.009536391423361719	0.012322113281157237
TCGA-3N-A9WD-06	G[C>T]G	0.01831657799064426	0.1418205780186264	0.7607130856891656	0.07914975830156372
TCGA-3N-A9WD-06	G[C>T]T	0.9030528622157892	0.06603702785580559	0.010879869045030969	0.020030240883374205
TCGA-3N-A9WD-06	G[T>A]A	0.5082498749782796	0.41824473982021204	0.04876347062729083	0.024741914574217625
TCGA-3N-A9WD-06	G[T>A]C	0.3449570029979474	0.2974976761693154	0.10090163509421594	0.25664368573852137
TCGA-3N-A9WD-06	G[T>A]G	0.1082960062850914	0.6020647443195929	0.16396629856950087	0.1256729508258147
TCGA-3N-A9WD-06	G[T>A]T	0.42383899253384627	0.3290963319899076	0.008962195577158555	0.23810247989908764
TCGA-3N-A9WD-06	G[T>C]A	0.06703150087511854	0.18895171428255184	0.22095947368831406	0.5230573111540155
TCGA-3N-A9WD-06	G[T>C]C	0.00082200506283281	0.07137826630825116	0.18812465124023445	0.7396750773886815
TCGA-3N-A9WD-06	G[T>C]G	0.006444307075294728	0.10569342795560174	0.09962263033058995	0.7882396346385137
TCGA-3N-A9WD-06	G[T>C]T	0.18102164717759067	0.6426041014947403	0.02702932083843077	0.14934493048923814
TCGA-3N-A9WD-06	G[T>G]A	0.2549672556164371	0.4107756700621396	0.12332055476341736	0.21093651955800588
TCGA-3N-A9WD-06	G[T>G]C	0.1720323344502474	0.3386369135583498	0.03526884011806125	0.45406191187334166
TCGA-3N-A9WD-06	G[T>G]G	0.14916880077587732	0.5725693041258856	0.060733237132165566	0.21752865796607143
TCGA-3N-A9WD-06	G[T>G]T	0.1074893579681777	0.16126597454530628	0.015567104699916472	0.7156775627865996
TCGA-3N-A9WD-06	T[C>A]A	0.17620950669438054	0.5678963947265271	0.1915186429768321	0.06437545560226031
TCGA-3N-A9WD-06	T[C>A]C	0.38332040791934885	0.47692427379506164	0.09600804072207852	0.043747277563510906
TCGA-3N-A9WD-06	T[C>A]G	0.2567747136009497	0.46693864691514714	0.20458901251421785	0.0716976269696854
TCGA-3N-A9WD-06	T[C>A]T	0.5232730364142277	0.273558084056381	0.1441476816929294	0.0590211978364618
TCGA-3N-A9WD-06	T[C>G]A	0.13793379477359474	0.3857839096399761	0.38427044885190775	0.09201184673452134
TCGA-3N-A9WD-06	T[C>G]C	0.23359848113604384	0.5810239934057511	0.09411080104749371	0.09126672441071149
TCGA-3N-A9WD-06	T[C>G]G	0.1446595634365899	0.6478361609049901	0.14523536195727335	0.06226891370114664
TCGA-3N-A9WD-06	T[C>G]T	0.45659413178056135	0.2031007100201527	0.25760377556189024	0.08270138263739577
TCGA-3N-A9WD-06	T[C>T]A	0.9765195098885259	0.013149552512575272	0.0014609444297474185	0.008869993169151692
TCGA-3N-A9WD-06	T[C>T]C	0.816608850258018	0.17508964215175576	0.00015654150442004065	0.008144966085806242
TCGA-3N-A9WD-06	T[C>T]G	0.9277598053043515	0.06265368298090407	0.003969030004796077	0.005617481709948287
TCGA-3N-A9WD-06	T[C>T]T	0.7859198069564315	0.1978456484004902	0.0012638842989356827	0.014970660344142543
TCGA-3N-A9WD-06	T[T>A]A	0.19640519954127011	0.7063048332725065	0.028311681797383557	0.06897828538883986
TCGA-3N-A9WD-06	T[T>A]C	0.5569903406787087	0.31216752570871154	0.012389444752193834	0.11845268886038604
TCGA-3N-A9WD-06	T[T>A]G	0.4171590929076997	0.43852491960742235	0.06077956154826638	0.08353642593661154
TCGA-3N-A9WD-06	T[T>A]T	0.6413253425739115	0.19480159463628258	0.0005117354913340095	0.1633613272984721
TCGA-3N-A9WD-06	T[T>C]A	0.3876250542464106	0.49465899735735785	0.022959582176243963	0.09475636621998745
TCGA-3N-A9WD-06	T[T>C]C	0.2309428835828798	0.379930878300262	0.04177955867409351	0.34734667944276476
TCGA-3N-A9WD-06	T[T>C]G	0.2413974071685074	0.5178840235753953	0.05592477589245283	0.1847937933636443
TCGA-3N-A9WD-06	T[T>C]T	0.38712568607286935	0.3814837962802737	0.029471412748133845	0.20191910489872328
TCGA-3N-A9WD-06	T[T>G]A	0.1843844075509126	0.607325971744625	0.03006741607577726	0.17822220462868524
TCGA-3N-A9WD-06	T[T>G]C	0.29271448945166917	0.23248843779625308	0.01045345153185289	0.4643436212202249
TCGA-3N-A9WD-06	T[T>G]G	0.09353539148974967	0.4895187751834228	0.042488565467233085	0.3744572678595945
TCGA-3N-A9WD-06	T[T>G]T	0.13792635933006803	0.0022275491988341914	0.009053852606615499	0.8507922388644823
TCGA-BF-A1PU-01	A[C>A]A	0.02458193765197596	0.2815181400653969	0.6938999222826271	0.0
TCGA-BF-A1PU-01	A[C>A]C	0.05488146919238693	0.20200108412533177	0.7431174466822813	0.0
TCGA-BF-A1PU-01	A[C>A]G	0.007270077762718021	0.18262468907507673	0.8101052331622054	0.0
TCGA-BF-A1PU-01	A[C>A]T	0.040612798558179466	0.22514874748155825	0.7342384539602623	0.0
TCGA-BF-A1PU-01	A[C>G]A	0.009638361015532906	0.1406479228712876	0.8497137161131795	0.0
TCGA-BF-A1PU-01	A[C>G]C	0.0161439630690616	0.16993421624909597	0.8139218206818425	0.0
TCGA-BF-A1PU-01	A[C>G]G	0.02676743385033304	0.3661134413538818	0.6071191247957852	0.0
TCGA-BF-A1PU-01	A[C>G]T	0.04360233049147759	0.14555138054055863	0.8108462889679637	0.0
TCGA-BF-A1PU-01	A[C>T]A	0.010933141668515783	0.28834576787925315	0.700721090452231	0.0
TCGA-BF-A1PU-01	A[C>T]C	0.356299521622412	0.5742209732189307	0.06947950515865722	0.0
TCGA-BF-A1PU-01	A[C>T]G	0.0018825803650335152	0.05589816044265008	0.9422192591923163	0.0
TCGA-BF-A1PU-01	A[C>T]T	0.29566747162693496	0.5253106017491116	0.17902192662395341	0.0
TCGA-BF-A1PU-01	A[T>A]A	0.0809215342002942	0.5352521626370591	0.3838263031626466	0.0
TCGA-BF-A1PU-01	A[T>A]C	0.1349874052733869	0.29486959885593306	0.5701429958706801	0.0
TCGA-BF-A1PU-01	A[T>A]G	0.08471226533505623	0.38850296010319396	0.5267847745617499	0.0
TCGA-BF-A1PU-01	A[T>A]T	0.23374066954380823	0.6979026964413604	0.06835663401483133	0.0
TCGA-BF-A1PU-01	A[T>C]A	0.01651263230298678	0.29631739883247205	0.6871699688645412	0.0
TCGA-BF-A1PU-01	A[T>C]C	0.018995521478194183	0.2988873024332149	0.6821171760885909	0.0
TCGA-BF-A1PU-01	A[T>C]G	0.01398073578883229	0.3939314575620475	0.5920878066491202	0.0
TCGA-BF-A1PU-01	A[T>C]T	0.03477713971526472	0.33531286604651306	0.6299099942382222	0.0
TCGA-BF-A1PU-01	A[T>G]A	0.11104384507938192	0.5500924686968907	0.33886368622372737	0.0
TCGA-BF-A1PU-01	A[T>G]C	0.11752406377684788	0.3542927156292174	0.5281832205939347	0.0
TCGA-BF-A1PU-01	A[T>G]G	0.027453866052021183	0.3038870092442281	0.6686591247037507	0.0
TCGA-BF-A1PU-01	A[T>G]T	0.01144667438871574	0.5361576643710262	0.45239566124025804	0.0
TCGA-BF-A1PU-01	C[C>A]A	0.023183012187858863	0.011735849704186821	0.9650811381079543	0.0
TCGA-BF-A1PU-01	C[C>A]C	0.07608445673318658	0.04944964327461072	0.8744658999922028	0.0
TCGA-BF-A1PU-01	C[C>A]G	0.05488802986712994	0.03476080437745182	0.9103511657554182	0.0
TCGA-BF-A1PU-01	C[C>A]T	0.07244351409066074	0.007197529805859435	0.9203589561034797	0.0
TCGA-BF-A1PU-01	C[C>G]A	0.02027280377703867	0.09088168343581345	0.8888455127871479	0.0
TCGA-BF-A1PU-01	C[C>G]C	0.08325935196862468	0.1535865233396329	0.7631541246917425	0.0
TCGA-BF-A1PU-01	C[C>G]G	0.024237926613207176	0.3532889613072996	0.6224731120794932	0.0
TCGA-BF-A1PU-01	C[C>G]T	0.05050072669395079	0.2165411504073439	0.7329581228987053	0.0
TCGA-BF-A1PU-01	C[C>T]A	0.47538070182096903	0.5042783642658016	0.02034093391322933	0.0
TCGA-BF-A1PU-01	C[C>T]C	0.4429257626399339	0.5559296632828497	0.001144574077216433	0.0
TCGA-BF-A1PU-01	C[C>T]G	0.2793628604150619	0.4841827300167294	0.23645440956820868	0.0
TCGA-BF-A1PU-01	C[C>T]T	0.5037778142918767	0.4779791558922826	0.01824302981584066	0.0
TCGA-BF-A1PU-01	C[T>A]A	0.07729443322849013	0.532659472086945	0.3900460946845649	0.0
TCGA-BF-A1PU-01	C[T>A]C	0.4127029801781236	0.09186691293054439	0.4954301068913319	0.0
TCGA-BF-A1PU-01	C[T>A]G	0.05246054732260137	0.2537320038582085	0.6938074488191902	0.0
TCGA-BF-A1PU-01	C[T>A]T	0.46373995330151324	0.39528379355465826	0.14097625314382842	0.0
TCGA-BF-A1PU-01	C[T>C]A	0.07369840165450516	0.2972039500093832	0.6290976483361115	0.0
TCGA-BF-A1PU-01	C[T>C]C	0.027872574118877343	0.19111148176281276	0.7810159441183099	0.0
TCGA-BF-A1PU-01	C[T>C]G	0.028095849055546934	0.18007738220326977	0.7918267687411832	0.0
TCGA-BF-A1PU-01	C[T>C]T	0.2513967554761264	0.5416353121857732	0.20696793233810035	0.0
TCGA-BF-A1PU-01	C[T>G]A	0.04292989336057517	0.14406943667692818	0.8130006699624966	0.0
TCGA-BF-A1PU-01	C[T>G]C	0.2440429589346766	0.4490581571454624	0.3068988839198612	0.0
TCGA-BF-A1PU-01	C[T>G]G	0.07082101617036457	0.48675753578108827	0.4424214480485472	0.0
TCGA-BF-A1PU-01	C[T>G]T	0.036169769224632435	2.279152134182596e-06	0.9638279516232333	0.0
TCGA-BF-A1PU-01	G[C>A]A	0.01442831678847291	0.16129844107287594	0.8242732421386513	0.0
TCGA-BF-A1PU-01	G[C>A]C	0.056352750944941396	0.1693733138499989	0.7742739352050597	0.0
TCGA-BF-A1PU-01	G[C>A]G	0.06632862996185343	0.034852327583461705	0.8988190424546849	0.0
TCGA-BF-A1PU-01	G[C>A]T	0.03662326964893005	0.09565891242080317	0.8677178179302668	0.0
TCGA-BF-A1PU-01	G[C>G]A	0.004486975544270714	0.19132300646497666	0.8041900179907525	0.0
TCGA-BF-A1PU-01	G[C>G]C	0.02682379185538996	0.2749622989370042	0.6982139092076058	0.0
TCGA-BF-A1PU-01	G[C>G]G	0.01272394012492649	0.3601410216104884	0.6271350382645853	0.0
TCGA-BF-A1PU-01	G[C>G]T	0.04714210740300729	0.15288016575326738	0.7999777268437253	0.0
TCGA-BF-A1PU-01	G[C>T]A	0.021646057025860574	0.1299252846906183	0.8484286582835211	0.0
TCGA-BF-A1PU-01	G[C>T]C	0.37103901897514696	0.5074703053887837	0.12149067563606934	0.0
TCGA-BF-A1PU-01	G[C>T]G	0.0010005860499492207	0.024517376389988896	0.974482037560062	0.0
TCGA-BF-A1PU-01	G[C>T]T	0.6605274250211657	0.15285858619529752	0.1866139887835368	0.0
TCGA-BF-A1PU-01	G[T>A]A	0.17082029590472236	0.4448538116220393	0.38432589247323834	0.0
TCGA-BF-A1PU-01	G[T>A]C	0.09444216426486421	0.2577562363244613	0.6478015994106746	0.0
TCGA-BF-A1PU-01	G[T>A]G	0.018484883492443763	0.325216155938293	0.6562989605692631	0.0
TCGA-BF-A1PU-01	G[T>A]T	0.25296651657402397	0.6215982922969678	0.12543519112900814	0.0
TCGA-BF-A1PU-01	G[T>C]A	0.011465244074096824	0.10227743700665778	0.8862573189192454	0.0
TCGA-BF-A1PU-01	G[T>C]C	0.00017722380097796414	0.0487010347420247	0.9511217414569973	0.0
TCGA-BF-A1PU-01	G[T>C]G	0.002407217775948816	0.12494295633902987	0.8726498258850213	0.0
TCGA-BF-A1PU-01	G[T>C]T	0.0635504529751549	0.7139310496689724	0.22251849735587292	0.0
TCGA-BF-A1PU-01	G[T>G]A	0.05733734232404739	0.29233613530994673	0.650326522366006	0.0
TCGA-BF-A1PU-01	G[T>G]C	0.08307725284419636	0.5175245788963431	0.3993981682594605	0.0
TCGA-BF-A1PU-01	G[T>G]G	0.04406316287807416	0.5352422282996984	0.42069460882222753	0.0
TCGA-BF-A1PU-01	G[T>G]T	0.10936083908222533	0.5192347491088107	0.37140441180896394	0.0
TCGA-BF-A1PU-01	T[C>A]A	0.02725798059869866	0.2780085120794816	0.6947335073218198	0.0
TCGA-BF-A1PU-01	T[C>A]C	0.09250001518945976	0.3642117297994184	0.5432882550111219	0.0
TCGA-BF-A1PU-01	T[C>A]G	0.03930978781408462	0.22622099366047504	0.7344692185254403	0.0
TCGA-BF-A1PU-01	T[C>A]T	0.10971810491261097	0.1815198539619093	0.7087620411254798	0.0
TCGA-BF-A1PU-01	T[C>G]A	0.013301305747188864	0.11773140882225816	0.868967285430553	0.0
TCGA-BF-A1PU-01	T[C>G]C	0.05458890634750387	0.42968786125547	0.5157232323970261	0.0
TCGA-BF-A1PU-01	T[C>G]G	0.02582930407748705	0.36606261669427365	0.6081080792282394	0.0
TCGA-BF-A1PU-01	T[C>G]T	0.06394747020747041	0.0900179510349959	0.8460345787575336	0.0
TCGA-BF-A1PU-01	T[C>T]A	0.9279044716989273	0.039541938472721125	0.0325535898283516	0.0
TCGA-BF-A1PU-01	T[C>T]C	0.5941670544701523	0.4031619889062502	0.002670956623597504	0.0
TCGA-BF-A1PU-01	T[C>T]G	0.7610139859201966	0.16264036101721707	0.07634565306258624	0.0
TCGA-BF-A1PU-01	T[C>T]T	0.5451459496278512	0.43429586767182576	0.020558182700323002	0.0
TCGA-BF-A1PU-01	T[T>A]A	0.06344828383635921	0.7220773394794344	0.21447437668420619	0.0
TCGA-BF-A1PU-01	T[T>A]C	0.30346728039684345	0.5382407440280425	0.15829197557511407	0.0
TCGA-BF-A1PU-01	T[T>A]G	0.1291428515705572	0.4296230500241991	0.4412340984052438	0.0
TCGA-BF-A1PU-01	T[T>A]T	0.5050589599194568	0.48549059932828775	0.009450440752255613	0.0
TCGA-BF-A1PU-01	T[T>C]A	0.15558235727781386	0.6283173601470609	0.21610028257512537	0.0
TCGA-BF-A1PU-01	T[T>C]C	0.09570703502875628	0.49827432403962624	0.4060186409316176	0.0
TCGA-BF-A1PU-01	T[T>C]G	0.07563165092351357	0.5134854381064363	0.41088291097005003	0.0
TCGA-BF-A1PU-01	T[T>C]T	0.16938410090075995	0.528227965636324	0.3023879334629159	0.0
TCGA-BF-A1PU-01	T[T>G]A	0.06558373902988891	0.683625845379427	0.250790415590684	0.0
TCGA-BF-A1PU-01	T[T>G]C	0.2298340367765653	0.5776916931352816	0.19247427008815315	0.0
TCGA-BF-A1PU-01	T[T>G]G	0.03544290567063795	0.5870124917126504	0.37754460261671163	0.0
TCGA-BF-A1PU-01	T[T>G]T	0.3860362729363293	0.019730258945928496	0.5942334681177421	0.0
TCGA-BF-A1PV-01	A[C>A]A	0.126043889604235	0.5794485068825437	0.27856008327248927	0.015947520240731934
TCGA-BF-A1PV-01	A[C>A]C	0.2762347925692983	0.4081399710258758	0.29283734984308313	0.022787886561742892
TCGA-BF-A1PV-01	A[C>A]G	0.04935281984107334	0.4976628069816112	0.4305570591857199	0.02242731399159556
TCGA-BF-A1PV-01	A[C>A]T	0.21445130437252688	0.4772413770365857	0.3035423289204106	0.004764989670476854
TCGA-BF-A1PV-01	A[C>G]A	0.07188267711564958	0.42107276907910796	0.4961466273176819	0.01089792648756068
TCGA-BF-A1PV-01	A[C>G]C	0.10674066738765564	0.4510278620536231	0.4213265344675081	0.020904936091213126
TCGA-BF-A1PV-01	A[C>G]G	0.12006781695399259	0.6592320749607196	0.2132112670466393	0.007488841038648434
TCGA-BF-A1PV-01	A[C>G]T	0.25236203755489733	0.33816871838959395	0.36742543509523073	0.04204380896027791
TCGA-BF-A1PV-01	A[C>T]A	0.0586524027592697	0.6209508041531282	0.29430821361564685	0.02608857947195522
TCGA-BF-A1PV-01	A[C>T]C	0.6002466729032626	0.38832589590855776	0.009164053160163306	0.002263378028016446
TCGA-BF-A1PV-01	A[C>T]G	0.01886663260651744	0.22487499323980673	0.7392804228875185	0.01697795126615744
TCGA-BF-A1PV-01	A[C>T]T	0.5646839653462149	0.4027363723066817	0.026768528361132908	0.005811133985970326
TCGA-BF-A1PV-01	A[T>A]A	0.2439596860043675	0.6477615539766064	0.09059517155404416	0.017683588464981994
TCGA-BF-A1PV-01	A[T>A]C	0.4431668844542015	0.38860360904495694	0.14654607981309314	0.021683426687748385
TCGA-BF-A1PV-01	A[T>A]G	0.29542331848918824	0.5438706072094369	0.14382952686691838	0.016876547434456428
TCGA-BF-A1PV-01	A[T>A]T	0.43643908909119455	0.5231027618120614	0.00999278140296147	0.030465367693782643
TCGA-BF-A1PV-01	A[T>C]A	0.08172723838197868	0.5887222451552059	0.2662754002144608	0.06327511624835468
TCGA-BF-A1PV-01	A[T>C]C	0.08191226037823518	0.5173779730406982	0.23028891639867982	0.17042085018238687
TCGA-BF-A1PV-01	A[T>C]G	0.05836328599817968	0.660135593811998	0.19351390894239004	0.08798721124743214
TCGA-BF-A1PV-01	A[T>C]T	0.15047780858395268	0.5824137175378171	0.21338970239776867	0.05371877148046156
TCGA-BF-A1PV-01	A[T>G]A	0.29563611707789933	0.5878973151620387	0.07063246936859607	0.045834098391465995
TCGA-BF-A1PV-01	A[T>G]C	0.29612850127043844	0.3583590786868247	0.10419679717402142	0.2413156228687155
TCGA-BF-A1PV-01	A[T>G]G	0.12877644710713568	0.5721999864762728	0.24555798720233304	0.05346557921425854
TCGA-BF-A1PV-01	A[T>G]T	0.019395849211969938	0.36469076711552745	0.060015615176311966	0.5558977684961908
TCGA-BF-A1PV-01	C[C>A]A	0.2193613909166311	0.04457667247465723	0.7149415150255812	0.021120421583130537
TCGA-BF-A1PV-01	C[C>A]C	0.4564100122153241	0.11907625342070013	0.41069409502763377	0.013819639336342173
TCGA-BF-A1PV-01	C[C>A]G	0.38468009607417664	0.09779455403854619	0.49951368024478493	0.01801166964249227
TCGA-BF-A1PV-01	C[C>A]T	0.47980503563794913	0.019136016840319178	0.47724226311379475	0.023816684407936904
TCGA-BF-A1PV-01	C[C>G]A	0.15633522293445165	0.28133396257012466	0.5366432433043686	0.0256875711910551
TCGA-BF-A1PV-01	C[C>G]C	0.40181426884009747	0.2975419589281535	0.28835065705480545	0.01229311517694358
TCGA-BF-A1PV-01	C[C>G]G	0.11083373503187263	0.6484990592249706	0.22285042176105405	0.017816783982102645
TCGA-BF-A1PV-01	C[C>G]T	0.2488703056249736	0.4283696298179746	0.2827945117023528	0.039965552854698966
TCGA-BF-A1PV-01	C[C>T]A	0.6987466109541784	0.29754405830018754	0.002340805971794619	0.0013685247738394277
TCGA-BF-A1PV-01	C[C>T]C	0.6632297095037905	0.3341609201475793	0.00013418170227440183	0.002475188646355918
TCGA-BF-A1PV-01	C[C>T]G	0.5637394612562115	0.3922128712973843	0.03735713360794397	0.00669053383846022
TCGA-BF-A1PV-01	C[C>T]T	0.7210489329676721	0.2746233359450855	0.0020442736441465778	0.002283457443095937
TCGA-BF-A1PV-01	C[T>A]A	0.22213173486228718	0.6144900082414081	0.08775961034750397	0.07561864654880072
TCGA-BF-A1PV-01	C[T>A]C	0.735897953711769	0.06575698507036289	0.06916378403204003	0.12918127718582795
TCGA-BF-A1PV-01	C[T>A]G	0.208650874314053	0.4051029639038841	0.21604424930704247	0.1702019124750205
TCGA-BF-A1PV-01	C[T>A]T	0.6148486893000734	0.21038052095897605	0.01463376451986672	0.1601370252210839
TCGA-BF-A1PV-01	C[T>C]A	0.24627655716375696	0.39867808312842706	0.16458847725482753	0.19045688245298845
TCGA-BF-A1PV-01	C[T>C]C	0.08655500574492725	0.23823450869194193	0.18988531149469504	0.4853251740684358
TCGA-BF-A1PV-01	C[T>C]G	0.1016723079330132	0.2615908020614911	0.2243401787186824	0.41239671128681327
TCGA-BF-A1PV-01	C[T>C]T	0.41803110862706494	0.3615419398360228	0.02694438996458806	0.19348256157232402
TCGA-BF-A1PV-01	C[T>G]A	0.1829942950599248	0.2465201246783652	0.27132199724076567	0.29916358302094437
TCGA-BF-A1PV-01	C[T>G]C	0.39890919236909594	0.2946545363701713	0.03927529286744847	0.2671609783932843
TCGA-BF-A1PV-01	C[T>G]G	0.18299206190967557	0.5048769694966435	0.08949991658967653	0.2226310520040044
TCGA-BF-A1PV-01	C[T>G]T	0.03736626356708458	9.45170221243394e-07	0.0779560477367344	0.8846767435259598
TCGA-BF-A1PV-01	G[C>A]A	0.09733544852512853	0.4368057182280489	0.43535438996442466	0.030504443282397875
TCGA-BF-A1PV-01	G[C>A]C	0.29801739239445546	0.35956238562720366	0.3205807859361478	0.021839436042193024
TCGA-BF-A1PV-01	G[C>A]G	0.4366425901043191	0.09210000096366805	0.4632481497248358	0.0080092592071771
TCGA-BF-A1PV-01	G[C>A]T	0.25155487864674136	0.263756911359176	0.4666276896322286	0.018060520361854106
TCGA-BF-A1PV-01	G[C>G]A	0.03046369077214431	0.5214333355113835	0.4274682417850187	0.02063473193145354
TCGA-BF-A1PV-01	G[C>G]C	0.13765358594555646	0.5664261421073431	0.2805254166950999	0.015394855252000543
TCGA-BF-A1PV-01	G[C>G]G	0.061315337111854586	0.6966632083634395	0.2366055514091087	0.0054159031155971765
TCGA-BF-A1PV-01	G[C>G]T	0.2642104512133001	0.3439496916335999	0.3510227434147957	0.04081711373830418
TCGA-BF-A1PV-01	G[C>T]A	0.14842019704717957	0.3576108298450932	0.4554554426573069	0.03851353045042016
TCGA-BF-A1PV-01	G[C>T]C	0.6328954540403342	0.3474767953757254	0.01622451418253595	0.0034032364014043026
TCGA-BF-A1PV-01	G[C>T]G	0.01131563844369039	0.11130159624949702	0.8628093006595965	0.014573464647215973
TCGA-BF-A1PV-01	G[C>T]T	0.8915619960575892	0.08282344901411089	0.019720651137633664	0.005893903790666154
TCGA-BF-A1PV-01	G[T>A]A	0.44721680678692494	0.4675184369763248	0.07877613184569426	0.006488624391056047
TCGA-BF-A1PV-01	G[T>A]C	0.3503427822535513	0.38383025549424477	0.18814194114402968	0.07768502110817424
TCGA-BF-A1PV-01	G[T>A]G	0.08938081461570192	0.6312515866930034	0.24845381415006135	0.030913784541233412
TCGA-BF-A1PV-01	G[T>A]T	0.4560698196680407	0.44986363261199463	0.01770533099792417	0.07636121672204041
TCGA-BF-A1PV-01	G[T>C]A	0.07716913578678924	0.27633948780078765	0.46702112725103895	0.17947024916138418
TCGA-BF-A1PV-01	G[T>C]C	0.0012505037644424395	0.13794435253634516	0.5254306788734976	0.33537446482571465
TCGA-BF-A1PV-01	G[T>C]G	0.01153769441001873	0.24039100201703925	0.32746132704115827	0.4206099765317837
TCGA-BF-A1PV-01	G[T>C]T	0.1658471628494213	0.7479084604225862	0.04546444306793446	0.04077993366005798
TCGA-BF-A1PV-01	G[T>G]A	0.2391636618495777	0.489488977328478	0.2123760126332478	0.05897134818869638
TCGA-BF-A1PV-01	G[T>G]C	0.21442257309683554	0.5361942304886379	0.0807069259744655	0.16867627044006103
TCGA-BF-A1PV-01	G[T>G]G	0.14167765761710913	0.690842186364871	0.10590318160972532	0.06157697440829452
TCGA-BF-A1PV-01	G[T>G]T	0.19394069544424497	0.3696354740565087	0.05156684181409662	0.3848569886851498
TCGA-BF-A1PV-01	T[C>A]A	0.1389174790417082	0.5687535082397605	0.27720293353302894	0.015126079185502279
TCGA-BF-A1PV-01	T[C>A]C	0.32526385716926903	0.5141036793747031	0.14956868696578451	0.011063776490243447
TCGA-BF-A1PV-01	T[C>A]G	0.20592412746104774	0.4757099335889232	0.3012288023494019	0.01713713660062725
TCGA-BF-A1PV-01	T[C>A]T	0.45382487632323104	0.3013956038863719	0.2295233168769629	0.015256202913434262
TCGA-BF-A1PV-01	T[C>G]A	0.10135177754859019	0.36010753957007396	0.5183903173565192	0.02015036552481661
