SBS96J: 0.013515974638988825
SBS96B: 0.02062591930163792
SBS96H: 0.022030728409341595
SBS96I: 0.027874971426689498
SBS96F: 0.03368545925699906
SBS96D: 0.041834323766613904
SBS96K: 0.05354585122132065
SBS96A: 0.0702432883545307
SBS96E: 0.09423401883391341
SBS96G: 0.116368538961893
SBS96C: 0.19285615967032252
