SBS96D: -0.0005200736875765166
SBS96K: 0.0
SBS96F: 0.0009574197916846549
SBS96C: 0.001248272111419446
SBS96J: 0.0013991494944397998
SBS96H: 0.0018541327329539726
SBS96I: 0.001980715969576419
SBS96E: 0.0030016186978819247
SBS96G: 0.004961546706357423
SBS96B: 0.009397306760036717
SBS96A: 0.13801638845740816
