SBS96J: 0.01169770086013181
SBS96H: 0.021542144903802296
SBS96B: 0.05227283360979228
SBS96D: 0.057340092810342594
SBS96E: 0.06412711110026617
SBS96A: 0.07563242616758252
SBS96I: 0.0766614973254181
SBS96G: 0.08079841537021162
SBS96F: 0.10153133460487987
SBS96C: 0.12017118416285336
SBS96K: 0.22898350562633368
