SBS96J: 0.018683094352562345
SBS96F: 0.02002146537733749
SBS96H: 0.023705846743746983
SBS96D: 0.025070240196665282
SBS96K: 0.026359383426609585
SBS96B: 0.027485156948141153
SBS96I: 0.029421905079237844
SBS96E: 0.04895895982999373
SBS96A: 0.09706566758367191
SBS96G: 0.10865081916285838
SBS96C: 0.17401513802930313
