SBS96J: 0.008056120013144309
SBS96H: 0.01496571304454356
SBS96B: 0.019910931397950193
SBS96F: 0.021808521780182666
SBS96I: 0.03506610225939637
SBS96D: 0.03547097698187364
SBS96K: 0.057814086119902686
SBS96G: 0.06930595537830193
SBS96A: 0.07321838639124593
SBS96E: 0.09315837184867462
SBS96C: 0.17322050985542176
