SBS96K: 0.0019569095252349733
SBS96J: 0.006260338468152304
SBS96F: 0.00672862919077738
SBS96G: 0.00687524149240083
SBS96D: 0.007262868925068877
SBS96I: 0.007386371228635047
SBS96C: 0.007430539542370773
SBS96H: 0.008514432217618394
SBS96E: 0.00912940929276127
SBS96B: 0.01334087665985303
SBS96A: 0.6825499951873459
