SBS96J: 0.018018503248158967
SBS96B: 0.02388077041506298
SBS96H: 0.030704593863056007
SBS96D: 0.060813951458172345
SBS96A: 0.07536017898751443
SBS96I: 0.07609357848487305
SBS96C: 0.08171650288270219
SBS96E: 0.08588395351621539
SBS96G: 0.11653277395213157
SBS96F: 0.24367086916899297
SBS96K: 0.25890026912992303
