SBS96B: 0.00936685330551298
SBS96J: 0.009773970527683851
SBS96K: 0.011807679617669497
SBS96F: 0.012697875836389916
SBS96D: 0.01477943994002695
SBS96H: 0.017473770734585725
SBS96E: 0.028657246179547256
SBS96G: 0.04014678474375527
SBS96I: 0.04415262193306835
SBS96A: 0.09454772289204856
SBS96C: 0.4371558615224095
