SBS96J: 0.0027458218130331337
SBS96B: 0.00798714301567729
SBS96H: 0.012957370040659565
SBS96D: 0.019583078241481543
SBS96I: 0.01976061728745674
SBS96E: 0.0377943253210233
SBS96F: 0.05302963621591104
SBS96G: 0.06833732241063041
SBS96K: 0.0779153113913291
SBS96A: 0.11931278950846291
SBS96C: 0.1359243246238974
