SBS96J: 0.0074453649096481
SBS96H: 0.011825087745503015
SBS96B: 0.014098230397132084
SBS96D: 0.023104405203514068
SBS96I: 0.02627618572017828
SBS96G: 0.03547884160140291
SBS96E: 0.039396424336251255
SBS96F: 0.055378894375589995
SBS96K: 0.07117479014566214
SBS96C: 0.20078752469336503
SBS96A: 0.22928336313646805
